date,Brent_price,Active_well,Liquid_demand,OPEC_supply,nonOPEC_supply,Intl_L,Intl_OS,Intl_Total,Eu_L,Eu_OS,Eu_Total,NorthSea,MEast_L,MEast_OS,MEast_Total,Africa_L,Africa_OS,Africa_Total,LAm_L,LAm_OS,LAm_Total,APac_L,APac_OS,APac_Total,NAm_L,NAm_OS,NAm_Total,Global_L,Global_OS,Global_Total
01/01/1990,21.25,3537,67.09,,,675,260,935,95,77,172,70,142,23,165,72,23,95,167,63,230,199,74,273,,,1141,,,2076
01/02/1990,19.81,3486,67.80,,,681,248,929,100,68,168,65,139,22,161,66,23,89,177,62,239,199,73,272,,,1132,,,2061
01/03/1990,18.39,3611,66.88,,,677,253,930,101,69,170,63,131,15,146,67,25,92,184,66,250,194,78,272,,,1132,,,2062
01/04/1990,16.61,3411,64.92,,,668,265,933,96,77,173,71,129,19,148,69,24,93,186,66,252,188,79,267,,,1012,,,1945
01/05/1990,16.35,3403,64.94,,,677,260,937,95,73,168,66,131,21,152,67,23,90,183,64,247,201,79,280,,,1027,,,1964
01/06/1990,15.1,3522,65.45,,,679,268,947,89,83,172,76,134,21,155,72,23,95,186,63,249,198,78,276,,,1094,,,2041
01/07/1990,17.17,3450,66.10,,,636,265,901,72,83,155,76,122,16,138,67,23,90,176,62,238,199,81,280,,,1125,,,2026
01/08/1990,27.17,3605,67.68,,,644,242,886,76,77,153,70,128,15,143,67,21,88,174,59,233,199,70,269,,,1106,,,1992
01/09/1990,34.9,3905,64.99,,,606,256,862,75,80,155,73,83,17,100,66,19,85,176,66,242,206,74,280,,,1158,,,2020
01/10/1990,36.02,3988,65.60,,,613,260,873,74,82,156,28,85,17,102,72,19,91,179,63,242,203,79,282,,,1209,,,2082
01/11/1990,33.07,3984,66.21,,,656,253,909,92,75,167,68,83,22,105,68,25,93,204,59,263,209,72,281,,,1309,,,2218
01/12/1990,28.27,3994,66.79,,,646,258,904,75,78,153,70,81,23,104,81,28,109,206,60,266,203,69,272,,,1315,,,2219
01/01/1991,23.57,3579,68.61,,,652,257,909,119,71,190,64,78,23,101,60,30,90,209,63,272,186,70,256,,,1273,,,2182
01/02/1991,19.54,3512,67.32,,,655,243,898,117,72,189,65,86,20,106,57,31,88,204,65,269,191,55,246,,,1227,,,2125
01/03/1991,19.08,3444,65.28,,,661,250,911,116,77,193,70,87,18,105,59,30,89,193,59,252,206,66,272,,,1134,,,2045
01/04/1991,19.18,3416,65.48,,,680,247,927,121,72,193,66,90,20,110,64,34,98,201,60,261,204,61,265,,,912,,,1839
01/05/1991,19.19,3394,65.33,,,655,250,905,103,74,177,69,95,17,112,65,28,93,196,65,261,196,66,262,,,881,,,1786
01/06/1991,18.17,3363,65.81,,,652,262,914,96,82,178,72,94,18,112,65,26,91,205,67,272,192,69,261,,,954,,,1868
01/07/1991,19.4,3369,66.38,,,662,259,921,94,84,178,73,96,19,115,67,24,91,208,66,274,197,66,263,,,940,,,1861
01/08/1991,19.77,3257,66.61,,,661,243,904,92,75,167,66,105,15,120,65,24,89,221,65,286,178,64,242,,,905,,,1809
01/09/1991,20.5,3208,66.14,,,665,219,884,96,64,160,58,102,18,120,63,21,84,211,60,271,193,56,249,,,871,,,1755
01/10/1991,22.21,3138,68.16,,,696,234,930,98,55,153,50,106,26,132,69,22,91,224,64,288,199,67,266,,,893,,,1823
01/11/1991,21.11,3110,68.20,,,710,235,945,99,58,157,53,112,25,137,68,20,88,231,66,297,200,66,266,,,903,,,1848
01/12/1991,18.41,3183,69.63,,,672,258,930,71,66,137,61,113,29,142,60,27,87,228,64,292,200,72,272,,,901,,,1831
01/01/1992,18.16,2912,68.38,,,647,244,891,71,65,136,62,124,27,151,57,22,79,208,64,272,187,66,253,,,839,,,1730
01/02/1992,18.05,2704,68.36,,,650,244,894,68,68,136,58,121,28,149,59,19,78,203,62,265,199,67,266,,,800,,,1694
01/03/1992,17.63,2592,67.50,,,637,247,884,62,76,138,67,121,28,149,57,20,77,204,63,267,193,60,253,,,734,,,1618
01/04/1992,18.92,2727,66.60,,,642,233,875,67,67,134,58,126,30,156,60,18,78,213,64,277,176,54,230,,,674,,,1549
01/05/1992,19.89,2564,64.33,,,632,239,871,74,71,145,60,120,30,150,59,17,76,195,62,257,184,59,243,,,686,,,1557
01/06/1992,21.16,2369,65.93,,,619,237,856,76,69,145,60,124,28,152,59,19,78,186,64,250,174,57,231,,,683,,,1539
01/07/1992,20.24,2492,66.77,,,628,236,864,66,65,131,59,122,28,150,62,21,83,186,64,250,192,58,250,,,752,,,1616
01/08/1992,19.74,2630,65.54,,,616,229,845,66,63,129,55,124,28,152,62,22,84,184,67,251,180,49,229,,,780,,,1625
01/09/1992,20.27,2825,67.07,,,592,229,821,65,65,130,57,124,26,150,54,24,78,179,55,234,170,59,229,,,804,,,1625
01/10/1992,20.26,3076,67.76,,,591,223,814,67,59,126,51,127,25,152,51,17,68,172,64,236,174,58,232,,,907,,,1721
01/11/1992,19.21,2977,68.44,,,603,232,835,73,59,132,55,130,29,159,49,26,75,172,60,232,179,58,237,,,1018,,,1853
01/12/1992,18.14,3218,70.29,,,579,229,808,70,61,131,56,137,28,165,51,18,69,146,64,210,175,58,233,,,1090,,,1898
01/01/1993,17.39,3218,66.11,,,552,206,758,68,34,102,30,129,31,160,52,17,69,132,63,195,171,61,232,,,1003,,,1761
01/02/1993,18.47,2899,69.35,,,542,221,763,65,45,110,41,129,28,157,46,26,72,130,62,192,172,60,232,,,923,,,1686
01/03/1993,18.79,2829,69.58,,,540,232,772,63,54,117,49,133,29,162,49,28,77,123,64,187,172,57,229,,,850,,,1622
01/04/1993,18.67,2703,66.61,,,556,232,788,66,52,118,49,132,26,158,48,23,71,138,65,203,172,66,238,,,695,,,1483
01/05/1993,18.51,2848,64.18,,,559,226,785,67,50,117,46,134,28,162,48,19,67,139,65,204,171,64,235,,,740,,,1525
01/06/1993,17.65,3087,66.81,,,538,218,756,64,44,108,39,129,29,158,47,18,65,128,64,192,170,63,233,,,882,,,1638
01/07/1993,16.78,3178,66.75,,,547,221,768,64,45,109,42,131,28,159,50,14,64,132,69,201,170,65,235,,,900,,,1668
01/08/1993,16.7,3423,66.10,,,539,226,765,66,45,111,43,128,27,155,52,15,67,130,72,202,163,67,230,,,967,,,1732
01/09/1993,16.01,3341,67.67,,,537,233,770,67,48,115,45,129,28,157,49,18,67,132,70,202,160,69,229,,,1025,,,1795
01/10/1993,16.61,3519,67.59,,,552,236,788,66,53,119,50,129,27,156,51,20,71,141,68,209,165,68,233,,,1059,,,1847
01/11/1993,15.2,3604,70.18,,,565,223,788,65,46,111,44,125,28,153,49,22,71,146,67,213,180,60,240,,,1093,,,1881
01/12/1993,13.73,3662,71.63,,,552,215,767,67,43,110,42,124,30,154,51,20,71,153,64,217,157,58,215,,,1114,,,1881
01/01/1994,14.29,3386,68.39,26.87,43.75,541,227,768,68,51,119,48,127,30,157,47,17,64,144,65,209,155,64,219,,,1089,,,1857
01/02/1994,13.8,3063,71.11,26.84,43.52,528,220,748,64,44,108,43,119,23,142,46,17,63,143,69,212,156,67,223,,,1078,,,1826
01/03/1994,13.82,2977,69.57,26.90,43.38,517,216,733,62,44,106,42,122,23,145,48,18,66,143,63,206,142,68,210,,,1005,,,1738
01/04/1994,15.23,2649,67.67,26.74,43.18,544,207,751,65,48,113,45,115,23,138,47,17,64,169,61,230,148,58,206,,,843,,,1594
01/05/1994,16.19,2798,66.07,26.89,43.41,526,211,737,60,44,104,42,105,25,130,47,20,67,174,63,237,140,59,199,,,873,,,1610
01/06/1994,16.76,2785,68.08,27.02,43.68,512,216,728,62,42,104,39,86,24,110,49,20,69,168,62,230,147,68,215,,,988,,,1716
01/07/1994,17.6,2992,67.65,26.90,43.47,506,213,719,66,39,105,38,81,27,108,46,16,62,171,60,231,142,71,213,,,1035,,,1754
01/08/1994,16.89,2941,68.89,26.62,43.61,515,194,709,62,36,98,36,88,25,113,47,13,60,181,59,240,137,61,198,,,1046,,,1755
01/09/1994,15.9,3010,68.90,27.10,43.80,512,211,723,67,39,106,37,88,27,115,42,23,65,185,59,244,130,63,193,,,1101,,,1824
01/10/1994,16.49,2991,69.35,27.11,44.39,518,205,723,64,40,104,37,88,25,113,43,20,63,192,60,252,131,60,191,,,1102,,,1825
01/11/1994,17.19,2977,70.50,27.18,44.71,529,206,735,64,45,109,41,89,24,113,41,21,62,201,52,253,134,64,198,,,1141,,,1876
01/12/1994,15.93,2964,72.44,27.16,45.11,530,201,731,59,44,103,40,103,20,123,42,27,69,205,50,255,121,60,181,,,1103,,,1834
01/01/1995,16.55,2855,69.90,27.25,45.12,550,205,755,64,42,106,40,103,24,127,43,25,68,212,55,267,128,59,187,,,1081,,,1836
01/02/1995,17.11,2877,72.51,27.45,45.33,540,209,749,58,41,99,38,104,25,129,43,22,65,208,58,266,127,63,190,,,1077,,,1826
01/03/1995,17.01,2862,71.48,27.08,44.86,541,205,746,64,41,105,39,104,22,126,44,21,65,209,57,266,120,64,184,,,949,,,1695
01/04/1995,18.65,2806,68.81,27.61,45.26,552,207,759,64,42,106,40,104,24,128,43,22,65,216,55,271,125,64,189,,,762,,,1521
01/05/1995,18.35,3020,68.13,28.14,44.73,543,197,740,67,46,113,42,103,25,128,41,16,57,206,49,255,126,61,187,,,805,,,1545
01/06/1995,17.31,3107,69.20,27.46,44.34,557,227,784,64,50,114,47,104,24,128,38,32,70,227,57,284,124,64,188,,,901,,,1685
01/07/1995,15.85,3133,67.97,27.80,45.08,552,209,761,64,52,116,51,101,21,122,41,25,66,223,59,282,123,52,175,,,955,,,1716
01/08/1995,16.1,3103,69.85,28.04,44.97,551,209,760,66,47,113,45,100,24,124,41,23,64,219,59,278,125,56,181,,,950,,,1710
01/09/1995,16.7,3225,70.07,27.85,45.64,545,208,753,64,47,111,47,102,24,126,41,26,67,212,61,273,126,50,176,,,989,,,1742
01/10/1995,16.11,3105,70.04,28.09,45.00,546,208,754,67,48,115,48,103,27,130,41,20,61,217,59,276,118,54,172,,,974,,,1728
01/11/1995,16.86,3157,72.84,27.73,45.62,557,207,764,71,52,123,52,105,28,133,47,23,70,213,57,270,121,47,168,,,983,,,1747
01/12/1995,17.93,3239,73.68,27.85,45.87,548,235,783,70,58,128,58,104,31,135,47,30,77,214,57,271,113,59,172,,,1014,,,1797
01/01/1996,17.85,3290,72.61,27.94,45.92,552,222,774,72,55,127,52,103,31,134,46,30,76,213,57,270,118,49,167,,,1053,,,1827
01/02/1996,18,3509,74.68,28.04,46.13,543,224,767,66,50,116,47,100,27,127,43,32,75,218,60,278,116,55,171,,,1074,,,1841
01/03/1996,19.85,3253,72.91,28.15,46.11,567,232,799,63,55,118,52,104,29,133,45,33,78,236,60,296,119,55,174,,,1020,,,1819
01/04/1996,20.9,3331,70.55,27.93,46.19,558,237,795,62,61,123,57,104,29,133,46,30,76,232,62,294,114,55,169,,,825,,,1620
01/05/1996,19.15,3345,69.69,27.99,46.06,547,246,793,67,63,130,59,103,31,134,47,27,74,220,61,281,110,64,174,,,884,,,1677
01/06/1996,18.46,3473,69.70,28.12,46.20,542,251,793,64,55,119,51,106,33,139,43,36,79,221,61,282,108,66,174,,,1019,,,1812
01/07/1996,19.57,3723,71.27,28.25,46.28,568,247,815,67,59,126,56,107,31,138,45,31,76,222,61,283,127,65,192,,,1075,,,1890
01/08/1996,20.51,3582,71.39,28.22,45.86,555,235,790,60,54,114,52,104,31,135,46,36,82,222,58,280,123,56,179,,,1096,,,1886
01/09/1996,22.63,3560,71.13,28.27,46.30,551,248,799,64,53,117,52,111,33,144,44,38,82,217,65,282,115,59,174,,,1061,,,1860
01/10/1996,24.16,3498,73.62,28.34,46.66,551,234,785,58,48,106,47,110,27,137,44,34,78,219,66,285,120,59,179,,,1117,,,1902
01/11/1996,22.76,3489,73.51,28.37,47.17,552,247,799,61,59,120,56,111,27,138,44,39,83,219,62,281,117,60,177,,,1175,,,1974
01/12/1996,23.78,3287,74.02,28.95,47.20,562,248,810,62,61,123,58,111,28,139,46,39,85,217,60,277,126,60,186,,,1195,,,2005
01/01/1997,23.54,3237,74.49,28.91,47.15,555,254,809,58,68,126,64,113,29,142,48,35,83,218,66,284,118,56,174,,,1223,,,2032
01/02/1997,20.85,3364,74.57,29.17,47.42,555,254,809,56,65,121,62,116,26,142,48,35,83,216,67,283,119,61,180,,,1258,,,2067
01/03/1997,19.13,3189,72.25,29.36,47.22,551,244,795,56,61,117,60,115,28,143,47,32,79,209,65,274,124,58,182,,,1272,,,2067
01/04/1997,17.56,3398,73.28,29.62,47.43,547,257,804,50,67,117,67,121,34,155,50,33,83,205,66,271,121,57,178,,,1110,,,1914
01/05/1997,19.02,3483,71.38,29.37,47.05,558,253,811,50,55,105,55,126,29,155,51,34,85,215,68,283,116,67,183,,,1158,,,1969
01/06/1997,17.58,3575,72.63,28.99,46.61,561,261,822,52,62,114,59,131,32,163,50,29,79,211,67,278,117,71,188,,,1299,,,2121
01/07/1997,18.46,3766,73.89,29.00,47.11,559,267,826,50,61,111,59,139,35,174,50,32,82,200,69,269,120,70,190,,,1342,,,2168
01/08/1997,18.6,3705,72.30,30.15,46.88,554,257,811,50,57,107,56,137,36,173,45,30,75,201,67,268,121,67,188,,,1404,,,2215
01/09/1997,18.46,3667,73.81,30.18,47.30,540,251,791,52,52,104,51,127,36,163,47,30,77,202,71,273,112,62,174,,,1420,,,2211
01/10/1997,19.87,3546,75.22,30.32,47.67,553,254,807,52,57,109,57,132,33,165,48,31,79,212,67,279,109,66,175,,,1417,,,2224
01/11/1997,19.17,3622,74.50,30.09,47.74,553,249,802,56,55,111,55,131,33,164,48,33,81,211,63,274,107,65,172,,,1428,,,2230
01/12/1997,17.18,3433,76.93,29.73,48.00,571,248,819,57,58,115,57,136,30,166,49,29,78,218,69,287,111,62,173,,,1499,,,2318
01/01/1998,15.19,3476,73.49,30.96,48.31,565,254,819,52,57,109,56,131,34,165,52,30,82,209,67,276,121,66,187,,,1474,,,2293
01/02/1998,14.07,3378,74.93,31.42,48.26,532,276,808,52,61,113,61,130,35,165,51,30,81,196,73,269,103,77,180,,,1481,,,2289
01/03/1998,13.1,3283,74.69,31.40,48.09,532,274,806,44,58,102,58,139,26,165,51,31,82,193,78,271,105,81,186,,,1332,,,2138
01/04/1998,13.53,3268,73.30,31.28,48.08,535,270,805,44,61,105,61,139,30,169,51,32,83,195,71,266,106,76,182,,,1014,,,1819
01/05/1998,14.36,3396,71.24,31.22,47.52,532,266,798,44,54,98,54,138,31,169,55,31,86,191,67,258,104,83,187,,,1012,,,1810
01/06/1998,12.21,3079,73.92,30.67,47.72,525,264,789,50,56,106,55,132,32,164,48,31,79,196,64,260,99,81,180,,,1092,,,1881
01/07/1998,12.08,3147,74.48,30.47,47.47,498,233,731,40,46,86,45,140,31,171,39,29,68,187,54,241,92,73,165,,,1033,,,1764
01/08/1998,11.91,2973,73.48,30.23,46.99,486,236,722,41,50,91,49,141,28,169,38,29,67,171,56,227,95,73,168,,,1003,,,1725
01/09/1998,13.34,2788,73.91,30.31,46.92,476,248,724,48,52,100,50,141,29,170,34,27,61,160,59,219,93,81,174,,,961,,,1685
01/10/1998,12.7,2602,74.98,30.19,47.22,454,232,686,41,50,91,48,131,29,160,35,32,67,158,51,209,89,70,159,,,887,,,1573
01/11/1998,11.04,2539,75.82,30.45,47.95,469,220,689,42,45,87,45,136,28,164,42,26,68,161,51,212,88,70,158,,,889,,,1578
01/12/1998,9.82,2244,77.88,30.19,47.89,448,223,671,42,43,85,41,128,32,160,32,30,62,165,48,213,81,70,151,,,895,,,1566
01/01/1999,11.11,1932,75.20,30.40,48.11,432,203,635,42,49,91,47,118,27,145,34,24,58,155,38,193,83,65,148,,,928,,,1563
01/02/1999,10.27,1904,77.72,30.93,48.02,412,200,612,38,43,81,43,121,29,150,31,21,52,134,44,178,88,63,151,,,874,,,1486
01/03/1999,12.51,1994,78.13,30.74,47.82,407,206,613,39,50,89,46,122,24,146,31,19,50,129,41,170,86,72,158,,,724,,,1337
01/04/1999,15.29,2054,74.72,29.42,47.66,407,191,598,43,43,86,40,124,19,143,26,15,41,135,43,178,79,71,150,,,558,,,1156
01/05/1999,15.23,2096,72.72,29.37,47.55,406,185,591,43,39,82,38,120,20,140,26,11,37,146,44,190,71,71,142,,,580,,,1171
01/06/1999,15.86,2133,75.53,28.82,47.04,402,200,602,45,49,94,48,117,20,137,24,16,40,143,44,187,73,71,144,,,745,,,1347
01/07/1999,19.08,2391,75.10,29.39,48.09,398,183,581,39,41,80,38,117,24,141,24,14,38,142,37,179,76,67,143,,,803,,,1384
01/08/1999,20.22,2388,75.27,29.66,47.77,392,164,556,38,36,74,35,114,23,137,24,16,40,147,37,184,69,52,121,,,909,,,1465
01/09/1999,22.54,2445,75.79,29.69,47.86,405,152,557,39,38,77,38,111,19,130,25,11,36,157,33,190,73,51,124,,,971,,,1528
01/10/1999,22,2472,76.23,29.77,48.38,408,157,565,37,29,66,28,116,18,134,25,13,38,161,34,195,69,63,132,,,1030,,,1595
01/11/1999,24.58,2472,77.28,29.23,48.93,417,158,575,41,36,77,35,116,20,136,23,13,36,164,35,199,73,54,127,,,1118,,,1693
01/12/1999,25.47,2500,80.10,28.37,49.10,415,159,574,36,38,74,36,119,20,139,24,14,38,163,33,196,73,54,127,,,1183,,,1757
01/01/2000,25.51,2550,75.66,29.54,49.04,406,154,560,32,33,65,31,123,17,140,28,11,39,150,36,186,73,57,130,,,1277,,,1837
01/02/2000,27.78,2705,78.67,30.21,48.95,408,154,562,36,36,72,35,122,19,141,25,13,38,150,33,183,75,53,128,,,1307,,,1869
01/03/2000,27.49,2734,77.70,30.15,49.07,433,173,606,36,46,82,45,130,19,149,27,18,45,165,34,199,75,56,131,,,1167,,,1773
01/04/2000,22.76,2702,74.52,31.08,48.78,434,168,602,37,42,79,41,126,27,153,25,17,42,167,32,199,79,50,129,,,951,,,1553
01/05/2000,27.74,2675,75.48,31.64,48.78,461,166,627,38,38,76,37,135,21,156,25,21,46,182,33,215,81,53,134,,,1033,,,1660
01/06/2000,29.8,2619,76.11,31.24,48.94,465,192,657,35,55,90,54,135,24,159,24,22,46,190,35,225,81,56,137,,,1179,,,1836
01/07/2000,28.68,2694,75.92,31.55,49.19,473,189,662,36,49,85,47,137,23,160,24,21,45,195,38,233,81,58,139,,,1250,,,1912
01/08/2000,30.2,2717,78.46,32.58,49.11,497,208,705,37,53,90,51,140,24,164,26,24,50,203,46,249,91,61,152,,,1306,,,2011
01/09/2000,33.14,2722,77.61,32.59,49.32,501,213,714,39,56,95,54,137,21,158,25,22,47,207,52,259,93,62,155,,,1325,,,2039
01/10/2000,30.96,2719,76.95,32.85,49.41,508,219,727,39,57,96,54,143,19,162,25,25,50,210,55,265,91,63,154,,,1408,,,2135
01/11/2000,32.55,2732,77.46,32.80,50.15,504,196,700,36,44,80,43,144,21,165,25,24,46,208,49,257,91,58,149,,,1429,,,2129
01/12/2000,25.66,2738,79.29,31.33,49.97,504,201,705,37,52,89,50,142,22,164,27,22,49,207,50,257,91,55,146,,,1507,,,2212
01/01/2001,25.62,2726,78.83,31.88,49.72,511,206,717,34,53,87,53,150,30,180,29,23,52,208,45,253,90,55,145,,,1657,,,2374
01/02/2001,27.5,2755,78.75,31.39,50.05,525,207,732,34,56,90,54,149,25,174,31,21,52,215,49,264,96,56,152,,,1698,,,2430
01/03/2001,24.5,2730,78.23,32.07,50.10,515,207,722,41,49,90,47,142,22,164,29,23,52,212,55,267,91,58,149,,,1608,,,2330
01/04/2001,25.66,2728,76.68,31.35,49.79,523,219,742,39,50,89,49,141,28,169,32,28,60,218,52,270,93,61,154,,,1423,,,2165
01/05/2001,28.31,2770,76.61,31.10,49.41,522,230,752,37,61,98,58,145,29,174,31,24,55,219,49,268,90,67,157,,,1472,,,2224
01/06/2001,27.85,2760,76.74,29.62,49.33,528,232,760,34,65,99,62,149,30,179,33,24,57,216,49,265,96,64,160,,,1572,,,2332
01/07/2001,24.61,1784,77.14,30.85,50.11,531,217,748,35,63,98,61,151,30,181,32,23,55,218,44,262,95,57,152,,,1597,,,2345
01/08/2001,25.68,1865,77.87,31.33,49.79,537,219,756,34,56,90,53,152,37,189,28,24,52,221,44,265,102,58,160,,,1577,,,2333
01/09/2001,25.62,1832,76.53,30.43,50.19,540,226,766,40,60,100,58,149,38,187,28,24,52,225,41,266,98,63,161,,,1510,,,2276
01/10/2001,20.54,1824,77.67,30.36,50.25,520,230,750,41,60,101,58,137,41,178,28,24,52,210,42,252,104,63,167,,,1415,,,2165
01/11/2001,18.8,1774,78.46,30.26,50.87,521,220,741,40,59,99,56,148,34,182,28,21,49,208,45,253,97,61,158,,,1266,,,2007
01/12/2001,18.71,1654,78.47,29.35,51.04,530,222,752,38,61,99,58,151,37,188,27,18,45,208,47,255,106,59,165,,,1165,,,1917
01/01/2002,19.42,1683,78.27,28.92,51.06,509,235,744,35,71,106,67,150,37,187,30,20,50,184,46,230,110,61,171,,,1272,,,2016
01/02/2002,20.28,1843,78.93,28.95,51.16,502,214,716,36,48,84,45,155,37,192,31,23,54,179,44,223,101,62,163,,,1258,,,1974
01/03/2002,23.7,1791,77.80,29.17,50.73,509,225,734,37,56,93,54,160,39,199,36,24,60,177,44,221,99,62,161,,,1074,,,1808
01/04/2002,25.73,1852,77.42,28.02,51.42,501,225,726,39,62,101,60,162,35,197,35,25,60,158,42,200,107,61,168,,,871,,,1597
01/05/2002,25.35,1856,76.33,28.89,51.21,499,219,718,36,58,94,56,161,35,196,34,22,56,158,42,200,110,62,172,,,940,,,1658
01/06/2002,24.08,1832,77.16,28.60,51.17,498,232,730,34,53,87,51,163,38,201,30,24,54,170,46,216,101,71,172,,,1047,,,1777
01/07/2002,25.74,1832,78.50,29.20,51.03,491,214,705,34,44,78,42,165,36,201,30,25,55,154,45,199,108,64,172,,,1117,,,1822
01/08/2002,26.65,1891,78.19,29.08,51.00,500,222,722,31,48,79,46,169,34,203,33,27,60,161,45,206,106,68,174,,,1083,,,1805
01/09/2002,28.4,1861,77.73,29.91,50.73,494,233,727,30,51,81,49,165,41,206,35,28,63,162,45,207,102,68,170,,,1110,,,1837
01/10/2002,27.54,1878,79.22,30.72,51.40,511,235,746,30,53,83,51,175,39,214,36,27,63,163,49,212,107,67,174,,,1071,,,1817
01/11/2002,24.34,1817,79.96,30.80,51.61,523,237,760,30,58,88,55,178,32,210,37,22,59,173,57,230,105,68,173,,,1115,,,1875
01/12/2002,28.33,1821,80.76,28.73,51.44,539,214,753,36,47,83,45,178,33,211,38,18,56,175,44,219,112,72,184,,,1204,,,1957
01/01/2003,31.18,1898,79.76,29.09,51.50,521,213,734,37,47,84,45,175,35,210,37,16,53,166,45,211,106,70,176,,,1332,,,2066
01/02/2003,32.77,1928,82.47,30.50,51.98,534,218,752,36,47,83,44,182,37,219,38,17,55,173,42,215,105,75,180,,,1461,,,2213
01/03/2003,30.61,1950,79.25,31.16,51.83,539,208,747,36,43,79,42,180,30,210,37,18,55,179,47,226,107,70,177,1120,109,1390,1659,317,2137
01/04/2003,25,1954,78.12,30.51,51.49,546,224,770,33,50,83,46,176,31,207,39,21,60,187,51,238,111,71,182,1027,107,1134,1573,331,1904
01/05/2003,25.86,1927,77.90,30.60,51.30,520,235,755,31,50,81,48,179,30,209,34,20,54,180,58,238,96,77,173,1067,117,1184,1587,352,1939
01/06/2003,27.65,1957,78.52,29.93,51.32,535,234,769,35,51,86,50,176,32,208,38,20,58,185,60,245,101,71,172,1262,113,1374,1797,347,2143
01/07/2003,28.35,2016,79.76,30.17,52.03,544,231,775,36,54,90,52,183,28,211,35,13,48,190,60,250,100,76,176,1367,112,1479,1911,343,2254
01/08/2003,29.89,2026,79.25,30.72,52.09,563,216,779,37,51,88,49,188,21,209,37,15,52,195,55,250,106,74,180,1380,114,1494,1943,330,2273
01/09/2003,27.11,1966,80.29,31.17,52.48,563,229,792,40,47,87,46,186,29,215,34,16,50,199,60,259,104,77,181,1327,114,1441,1890,343,2233
01/10/2003,29.61,2064,81.41,31.87,52.95,558,232,790,36,44,80,42,182,27,209,33,18,51,201,65,266,106,78,184,1387,109,1496,1945,341,2286
01/11/2003,28.75,1973,80.10,31.93,53.28,550,230,780,36,41,77,39,178,34,212,32,19,51,204,65,269,100,71,171,1415,109,1524,1965,339,2304
01/12/2003,29.81,1946,83.46,32.65,53.95,556,247,803,36,47,83,46,183,34,217,38,24,62,197,67,264,102,75,177,1421,110,1531,1977,357,2334
01/01/2004,31.28,2019,82.02,33.13,53.59,568,234,802,33,36,69,35,187,35,222,36,12,48,204,69,273,108,82,190,1550,105,1654,2118,339,2456
01/02/2004,30.86,2043,83.38,33.08,53.65,554,236,790,30,43,73,41,182,34,216,32,16,48,205,64,269,105,79,184,1585,102,1687,2139,338,2477
01/03/2004,33.63,2047,83.73,32.92,53.66,563,236,799,31,48,79,46,186,32,218,30,11,41,210,68,278,106,77,183,1500,98,1597,2063,334,2396
01/04/2004,33.59,2050,82.68,32.85,53.59,572,260,832,30,50,80,47,194,32,226,32,14,46,213,72,285,103,92,195,1207,97,1304,1779,357,2136
01/05/2004,37.57,2095,79.88,32.67,53.35,590,249,839,27,44,71,40,191,34,225,37,14,51,225,68,293,110,89,199,1254,97,1351,1844,346,2190
01/06/2004,35.18,2067,83.03,33.95,53.82,598,243,841,29,47,76,46,190,36,226,34,16,50,231,61,292,114,83,197,1341,100,1440,1939,343,2281
01/07/2004,38.22,2068,82.79,34.41,54.04,596,221,817,26,32,58,31,189,33,222,35,15,50,225,61,286,121,80,201,1459,104,1564,2055,325,2381
01/08/2004,42.74,2106,82.96,34.23,53.18,612,244,856,27,38,65,36,197,40,237,34,15,49,234,61,295,120,90,210,1487,100,1587,2099,344,2443
01/09/2004,43.2,2078,83.35,34.75,53.21,631,235,866,28,35,63,35,214,34,248,33,16,49,231,63,294,125,87,212,1418,96,1513,2049,331,2379
01/10/2004,49.78,2111,83.27,34.80,54.08,608,234,842,30,40,70,39,205,30,235,34,13,47,230,66,296,109,85,194,1513,98,1611,2121,332,2453
01/11/2004,43.11,2024,84.53,34.29,54.44,617,259,876,28,41,69,41,204,35,239,35,14,49,246,71,317,104,98,202,1605,103,1708,2222,362,2584
01/12/2004,39.6,2063,86.28,34.50,53.91,621,248,869,27,36,63,35,210,37,247,37,16,53,243,63,306,104,96,200,1576,110,1686,2197,358,2555
01/01/2005,44.51,2091,84.50,35.06,53.94,626,234,860,24,33,57,30,210,32,242,37,13,50,246,61,307,109,95,204,1699,106,1805,2325,340,2665
01/02/2005,45.48,2144,86.70,35.19,54.24,623,253,876,24,30,54,28,204,28,232,36,17,53,249,68,317,110,110,220,1762,107,1869,2385,360,2745
01/03/2005,53.1,2143,86.17,35.35,54.19,637,254,891,25,46,71,44,213,33,246,37,14,51,256,58,314,106,103,209,1628,98,1726,2265,352,2617
01/04/2005,51.88,2216,83.21,35.52,54.52,632,266,898,25,41,66,40,209,37,246,40,12,52,254,66,320,104,110,214,1422,96,1518,2054,362,2416
01/05/2005,48.65,2242,82.21,35.41,54.94,644,275,919,27,45,72,44,211,34,245,33,13,46,264,66,330,109,117,226,1473,93,1566,2117,368,2485
01/06/2005,54.35,2238,85.77,35.57,54.31,641,291,932,25,53,78,51,210,38,248,36,17,53,261,67,328,109,116,225,1549,100,1648,2190,391,2580
01/07/2005,57.52,2247,83.52,35.85,53.74,633,278,911,27,53,80,51,209,32,241,31,15,46,255,63,318,111,115,226,1743,105,1848,2376,383,2759
01/08/2005,63.98,2276,85.62,35.83,54.03,646,268,914,29,47,76,43,218,30,248,36,13,49,242,66,308,121,112,233,1874,107,1981,2520,375,2895
01/09/2005,62.91,2268,84.29,36.23,52.94,638,269,907,23,44,67,41,218,28,246,35,17,52,239,68,307,123,112,235,1852,97,1949,2490,366,2856
01/10/2005,58.54,2315,81.87,35.86,53.23,639,264,903,23,47,70,45,223,36,259,34,12,46,235,60,295,124,109,233,1928,92,2020,2567,356,2923
01/11/2005,55.24,2247,84.93,35.80,54.16,668,267,935,25,50,75,47,221,35,256,38,11,49,253,65,318,131,106,237,1998,88,2086,2666,355,3021
01/12/2005,56.86,2237,87.10,35.73,53.94,684,264,948,25,49,74,46,225,37,262,36,13,49,263,64,327,135,101,236,1965,81,2046,2649,345,2994
01/01/2006,62.99,2285,84.70,35.37,54.12,642,263,905,27,54,81,52,182,28,210,38,9,47,262,61,323,133,111,244,2052,81,2133,2694,344,3038
01/02/2006,60.21,2339,87.50,35.41,54.16,618,267,885,29,56,85,53,183,29,212,36,13,49,248,61,309,122,108,230,2166,82,2248,2784,349,3133
01/03/2006,62.06,2342,86.62,35.25,53.92,624,274,898,25,55,80,54,191,30,221,38,20,58,250,56,306,120,113,233,2081,91,2171,2705,365,3069
01/04/2006,70.26,2340,83.33,35.28,54.16,643,269,912,26,55,81,53,201,25,226,39,17,56,264,63,327,113,109,222,1698,97,1795,2341,366,2707
01/05/2006,69.78,2398,84.09,34.97,54.30,645,275,920,25,61,86,58,198,31,229,38,12,50,268,65,333,116,106,222,1772,102,1875,2417,377,2795
01/06/2006,68.56,2382,85.55,35.27,54.04,641,265,906,21,57,78,54,203,32,235,35,13,48,266,62,328,116,101,217,1975,99,2073,2616,364,2979
01/07/2006,73.67,2342,84.70,35.67,55.04,652,269,921,22,49,71,46,210,32,242,43,16,59,261,62,323,116,110,226,2137,97,2234,2789,366,3155
01/08/2006,73.23,2404,86.50,35.85,54.76,676,278,954,25,56,81,52,226,30,256,45,18,63,265,61,326,115,113,228,2117,102,2219,2793,380,3173
01/09/2006,61.96,2380,85.73,35.49,54.58,685,264,949,28,48,76,46,226,27,253,47,17,64,268,64,332,116,108,224,2088,97,2185,2773,361,3134
01/10/2006,57.81,2440,85.99,35.29,55.07,691,274,965,28,52,80,49,230,27,257,50,18,68,265,65,330,118,112,230,2071,94,2165,2762,368,3130
01/11/2006,58.76,2366,86.95,34.89,54.96,679,260,939,29,36,65,36,229,30,259,51,18,69,250,68,318,120,108,228,2047,91,2138,2726,351,3077
01/12/2006,62.47,2351,86.40,34.83,54.75,680,271,951,26,39,65,38,226,29,255,47,20,67,260,69,329,121,114,235,2086,88,2174,2766,359,3125
01/01/2007,53.68,2307,85.41,34.70,54.87,696,276,972,26,48,74,48,235,28,263,52,17,69,265,70,335,118,113,231,2195,88,2282,2891,364,3254
01/02/2007,57.56,2401,87.20,34.62,55.07,695,286,981,27,47,74,47,223,29,252,52,12,64,276,84,360,117,114,231,2284,87,2371,2979,373,3352
01/03/2007,62.05,2401,86.55,34.67,54.89,711,283,994,28,49,77,47,230,30,260,51,14,65,291,74,365,111,116,227,2057,83,2140,2768,366,3134
01/04/2007,67.49,2375,84.40,34.91,55.12,690,294,984,24,63,87,61,220,28,248,49,11,60,283,66,349,114,126,240,1771,79,1850,2461,373,2834
01/05/2007,67.21,2387,85.32,34.77,54.90,711,296,1007,28,60,88,59,237,31,268,44,16,60,277,73,350,125,116,241,1776,79,1855,2487,375,2862
01/06/2007,71.05,2381,86.54,34.67,54.96,730,285,1015,25,41,66,41,235,34,269,48,17,65,293,73,366,129,120,249,1899,81,1980,2629,366,2995
01/07/2007,76.93,2358,86.68,34.99,55.17,722,296,1018,25,54,79,53,238,37,275,46,14,60,285,75,360,128,116,244,2045,81,2126,2767,377,3144
01/08/2007,70.76,2408,85.94,34.95,54.42,729,280,1009,26,56,82,54,234,36,270,55,13,68,285,63,348,129,112,241,2072,75,2147,2801,355,3156
01/09/2007,77.17,2418,86.31,35.59,54.67,747,285,1032,31,46,77,44,239,34,273,57,16,73,291,72,363,129,117,246,2066,68,2134,2813,353,3166
01/10/2007,82.34,2395,87.78,35.80,55.26,738,286,1024,32,50,82,48,235,33,268,54,15,69,289,66,355,128,122,250,2047,52,2099,2785,338,3123
01/11/2007,92.41,2408,87.31,35.59,55.13,720,272,992,34,37,71,34,235,30,265,51,18,69,271,69,340,129,118,247,2105,64,2169,2825,336,3161
01/12/2007,90.93,2420,87.73,36.32,54.95,745,291,1036,31,46,77,43,235,39,274,58,16,74,294,76,370,127,114,241,2107,64,2171,2852,355,3207
01/01/2008,92.18,2476,86.31,36.47,55.02,762,291,1053,48,45,93,40,241,34,275,52,16,68,291,74,365,130,122,252,2181,62,2243,2943,353,3296
01/02/2008,94.99,2455,86.68,36.57,55.03,757,275,1032,46,35,81,31,243,29,272,42,16,58,299,74,373,127,121,248,2328,57,2385,3085,332,3417
01/03/2008,103.64,2457,86.30,36.78,55.03,769,285,1054,48,52,100,48,238,31,269,52,18,70,302,78,380,129,106,235,2144,60,2205,2913,345,3259
01/04/2008,109.07,2498,87.10,36.51,54.84,777,297,1074,46,47,93,42,244,35,279,55,18,73,294,86,380,138,111,249,1869,65,1934,2646,362,3008
01/05/2008,122.8,2546,86.13,36.81,55.23,770,305,1075,47,54,101,49,247,31,278,52,14,66,282,85,367,142,121,263,1929,69,1998,2699,374,3073
01/06/2008,132.32,2554,85.10,36.94,55.11,781,321,1102,45,52,97,48,244,33,277,50,15,65,309,89,398,133,132,265,2100,68,2167,2881,389,3269
01/07/2008,132.72,2567,85.94,37.34,55.74,780,312,1092,51,56,107,52,248,32,280,50,13,63,299,80,379,132,131,263,2276,68,2344,3056,380,3436
01/08/2008,113.24,2611,84.76,37.16,54.98,795,292,1087,49,48,97,44,257,32,289,46,16,62,307,75,382,136,121,257,2368,68,2436,3163,360,3523
01/09/2008,97.23,2612,84.77,36.85,53.69,815,293,1108,49,50,99,46,248,43,291,53,15,68,324,74,398,141,111,252,2376,74,2450,3191,367,3558
01/10/2008,71.58,2591,85.89,36.87,55.32,812,284,1096,53,48,101,43,253,35,288,48,12,60,325,78,403,133,111,244,2347,75,2422,3159,359,3518
01/11/2008,52.45,2469,83.25,36.14,55.80,799,297,1096,55,52,107,48,244,36,280,45,14,59,320,77,397,135,118,253,2288,64,2352,3087,361,3448
01/12/2008,39.95,2342,84.63,35.51,55.11,787,291,1078,48,53,101,51,246,33,279,51,16,67,312,77,389,130,112,242,2075,68,2142,2862,359,3220
01/01/2009,43.44,2152,83.88,34.51,54.97,765,279,1044,39,54,93,52,239,35,274,46,12,58,305,76,381,136,102,238,1862,68,1931,2627,347,2975
01/02/2009,43.32,1947,84.84,34.49,55.69,734,286,1020,30,51,81,50,233,31,264,44,15,59,294,80,374,133,109,242,1676,57,1733,2410,343,2753
01/03/2009,46.54,1825,85.08,34.43,55.71,731,281,1012,36,59,95,49,232,30,262,48,13,61,284,74,358,131,105,236,1254,47,1301,1985,328,2313
01/04/2009,50.18,1718,84.08,34.71,56.03,713,273,986,31,55,86,47,223,30,253,50,12,62,278,71,349,132,104,236,1021,48,1069,1734,321,2055
01/05/2009,57.3,1646,82.69,34.78,55.98,721,272,993,38,44,82,41,224,29,253,49,13,62,280,77,357,131,108,239,935,55,990,1656,327,1983
01/06/2009,68.61,1648,87.24,34.89,56.19,698,269,967,33,44,77,38,213,34,247,51,13,64,268,75,343,133,103,236,971,49,1020,1669,318,1987
01/07/2009,64.44,1629,85.78,35.24,56.85,699,275,974,34,39,73,37,217,32,249,45,12,57,268,83,351,135,109,244,1067,39,1106,1766,314,2080
01/08/2009,72.51,1653,86.80,35.36,56.36,686,261,947,37,41,78,40,203,31,234,44,14,58,268,76,344,134,99,233,1125,33,1158,1811,294,2105
01/09/2009,67.65,1579,85.89,35.32,56.79,711,275,986,38,45,83,43,213,32,245,42,15,57,281,74,355,137,109,246,1183,34,1217,1894,309,2203
01/10/2009,72.77,1613,86.91,35.40,57.26,716,267,983,43,41,84,39,205,34,239,47,15,62,282,69,351,139,108,247,1254,34,1288,1970,301,2271
01/11/2009,76.66,1625,84.94,35.43,57.35,741,284,1025,40,46,86,41,221,32,253,54,14,68,284,77,361,142,115,257,1348,36,1384,2089,320,2409
01/12/2009,74.46,1625,88.89,35.42,57.00,743,281,1024,38,46,84,41,215,36,251,59,11,70,280,73,353,151,115,266,1446,39,1485,2189,320,2509
01/01/2010,76.17,1706,85.49,35.35,56.96,759,288,1047,40,46,86,41,222,38,260,51,23,74,298,76,374,148,105,253,1681,44,1725,2440,332,2772
01/02/2010,73.75,1726,89.13,35.55,57.30,767,301,1068,40,45,85,40,219,39,258,55,29,84,310,72,382,143,116,259,1865,49,1913,2632,350,2981
01/03/2010,78.83,1754,88.55,35.59,57.66,779,295,1074,41,53,94,47,224,37,261,59,23,82,305,73,378,150,109,259,1752,53,1805,2531,348,2879
01/04/2010,84.82,1816,87.91,35.70,57.84,766,308,1074,45,58,103,52,222,32,254,59,26,85,294,76,370,146,116,262,1548,55,1603,2314,363,2677
01/05/2010,75.95,1818,87.30,35.64,58.24,792,298,1090,46,42,88,36,220,34,254,61,24,85,316,79,395,149,119,268,1610,50,1660,2402,348,2750
01/06/2010,74.76,1857,90.13,36.28,57.73,787,312,1099,45,52,97,46,223,36,259,61,23,84,314,74,388,144,127,271,1738,22,1760,2525,334,2859
01/07/2010,75.58,1852,89.61,36.42,58.19,798,311,1109,48,50,98,45,236,37,273,56,23,79,309,78,387,149,123,272,1906,16,1923,2704,327,3032
01/08/2010,77.04,1900,90.12,36.45,58.14,795,307,1102,44,40,84,32,234,37,271,59,25,84,311,77,388,147,128,275,2005,21,2025,2800,328,3127
01/09/2010,77.84,1918,90.66,36.45,58.25,803,317,1120,46,48,94,40,241,35,276,59,29,88,305,76,381,152,129,281,1980,21,2001,2783,338,3121
01/10/2010,82.67,1965,89.19,36.00,58.56,794,305,1099,44,51,95,45,237,33,270,55,28,83,303,74,377,155,119,274,2044,22,2066,2838,327,3165
01/11/2010,85.28,1971,90.05,36.15,58.90,810,320,1130,46,54,100,48,238,36,274,58,29,87,314,79,393,154,122,276,2081,22,2103,2891,342,3233
01/12/2010,91.45,1968,92.03,36.17,58.73,815,303,1118,56,49,105,44,236,31,267,53,26,79,313,72,385,157,125,282,2083,25,2108,2898,328,3226
01/01/2011,96.52,2004,88.11,36.95,58.71,853,308,1161,63,54,117,49,240,29,269,64,22,86,327,76,403,159,127,286,2247,28,2276,3100,336,3437
01/02/2011,103.72,1990,90.15,36.54,58.04,880,309,1189,71,47,118,42,252,40,292,66,28,94,332,80,412,159,114,273,2319,28,2347,3199,337,3536
01/03/2011,114.64,2044,89.83,35.23,58.34,852,295,1147,70,48,118,40,247,41,288,44,21,65,335,80,415,156,105,261,2259,28,2287,3111,323,3434
01/04/2011,123.26,2052,88.30,35.33,58.29,836,293,1129,65,47,112,39,248,41,289,48,24,72,325,77,402,150,104,254,1945,29,1974,2781,322,3103
01/05/2011,114.99,2047,88.06,35.40,58.01,845,306,1151,61,49,110,40,253,41,294,53,29,82,329,81,410,149,106,255,1946,33,1979,2791,339,3130
01/06/2011,113.83,2069,89.99,36.05,58.29,860,298,1158,70,43,113,34,249,41,290,47,26,73,351,87,438,143,101,244,2064,35,2099,2924,333,3257
01/07/2011,116.97,2116,89.82,36.28,58.47,843,307,1150,73,47,120,38,247,40,287,37,24,61,344,94,438,142,102,244,2211,36,2248,3054,343,3398
01/08/2011,110.22,2136,91.16,36.41,58.86,865,318,1183,74,54,128,41,250,37,287,48,27,75,345,96,441,148,104,252,2394,36,2430,3259,354,3613
01/09/2011,112.83,2115,91.30,36.47,58.05,870,304,1174,74,46,120,34,255,37,292,52,26,78,341,91,432,148,104,252,2455,33,2488,3325,337,3662
01/10/2011,109.55,2100,89.71,36.20,58.79,885,312,1197,75,47,122,35,258,39,297,51,30,81,348,90,438,153,106,259,2488,37,2525,3373,349,3722
01/11/2011,110.77,2100,91.61,37.05,58.96,883,302,1185,74,48,122,36,269,39,308,55,31,86,335,87,422,150,97,247,2461,37,2498,3344,339,3683
01/12/2011,107.87,2131,90.67,37.10,59.35,881,299,1180,70,42,112,31,263,41,304,48,31,79,349,89,438,151,96,247,2389,43,2432,3270,342,3612
01/01/2012,110.69,2154,88.08,37.51,59.45,864,307,1171,71,37,108,32,263,48,311,44,34,78,334,86,420,152,102,254,2536,44,2580,3400,351,3751
01/02/2012,119.33,2135,91.55,37.87,59.49,884,320,1204,72,48,120,40,261,50,311,48,33,81,349,90,439,154,99,253,2655,42,2697,3539,362,3901
01/03/2012,125.45,2143,90.06,37.89,58.94,889,303,1192,67,42,109,36,266,46,312,54,35,89,351,87,438,151,93,244,2427,43,2471,3316,346,3663
01/04/2012,119.75,2157,89.10,38.18,59.08,879,299,1178,72,46,118,40,264,48,312,49,31,80,342,81,423,152,93,245,2075,45,2119,2954,344,3297
01/05/2012,110.34,2153,90.23,37.75,59.10,906,319,1225,67,51,118,45,268,50,318,48,35,83,370,87,457,153,96,249,2062,48,2110,2968,367,3335
01/06/2012,95.16,2139,91.44,37.86,58.81,980,305,1285,71,44,115,39,349,51,400,69,37,106,352,83,435,139,90,229,2147,52,2199,3127,357,3484
01/07/2012,102.62,2140,92.15,37.79,59.33,978,286,1264,72,38,110,35,352,49,401,80,25,105,337,78,415,137,96,233,2198,53,2251,3176,339,3515
01/08/2012,113.36,2144,92.43,38.04,59.27,961,300,1261,71,47,118,40,341,47,388,80,31,111,337,80,417,132,95,227,2178,51,2229,3139,351,3490
01/09/2012,112.86,2137,90.35,37.72,58.79,961,293,1254,78,46,124,38,336,45,381,84,24,108,331,80,411,132,98,230,2162,52,2214,3123,345,3468
01/10/2012,111.71,2102,92.67,37.22,59.90,953,306,1259,76,48,124,42,334,43,377,74,30,104,329,83,412,140,102,242,2149,50,2199,3102,356,3458
01/11/2012,109.06,2036,92.97,37.16,60.49,967,300,1267,76,51,127,45,354,40,394,68,34,102,328,70,398,141,105,246,2142,51,2193,3109,351,3460
01/12/2012,109.49,1990,92.14,36.88,60.62,954,299,1253,77,59,136,53,321,42,363,71,31,102,341,73,414,144,94,238,2086,51,2137,3040,350,3390
01/01/2013,112.96,2112,91.55,36.56,59.90,972,307,1279,80,54,134,49,334,45,379,81,34,115,337,77,414,140,97,237,2206,53,2259,3178,360,3538
01/02/2013,116.05,2024,91.52,36.50,59.76,952,323,1275,82,53,135,47,308,42,350,77,36,113,339,88,427,146,104,250,2349,55,2404,3301,378,3679
01/03/2013,108.47,2033,90.45,36.67,59.87,952,316,1268,80,53,133,47,295,41,336,83,32,115,352,85,437,142,105,247,2167,53,2220,3119,369,3488
01/04/2013,102.25,2039,91.36,37.10,60.29,970,331,1301,85,51,136,45,309,45,354,88,37,125,340,89,429,148,109,257,1856,52,1908,2826,383,3209
01/05/2013,102.56,2099,91.62,37.18,60.41,956,327,1283,78,46,124,38,318,44,362,87,37,124,330,94,424,143,106,249,1841,54,1895,2797,381,3178
01/06/2013,102.92,2049,92.53,36.94,60.63,996,337,1333,87,51,138,44,346,43,389,93,40,133,328,95,423,142,108,250,1887,56,1944,2883,393,3277
01/07/2013,107.93,2039,94.08,37.10,61.35,985,320,1305,90,49,139,39,332,47,379,90,38,128,331,87,418,142,99,241,1996,60,2056,2981,380,3361
01/08/2013,111.28,2055,92.37,36.99,61.28,958,309,1267,88,55,143,47,317,45,362,93,32,125,318,81,399,142,96,238,2084,65,2148,3042,374,3415
01/09/2013,111.6,2052,92.64,36.25,61.29,971,313,1284,88,51,139,42,337,42,379,84,35,119,319,85,404,143,100,243,2077,70,2147,3048,383,3431
01/10/2013,109.08,2061,92.92,36.30,61.63,999,316,1315,90,46,136,37,342,41,383,96,35,131,332,88,420,139,106,245,2057,64,2122,3056,380,3437
01/11/2013,107.79,2175,93.46,35.81,62.49,995,316,1311,89,48,137,39,346,42,388,100,35,135,322,89,411,138,102,240,2082,60,2142,3077,376,3453
01/12/2013,110.76,2024,93.34,35.98,62.41,1029,306,1335,87,39,126,31,359,46,405,102,36,138,341,76,417,140,109,249,2081,62,2143,3110,368,3478
01/01/2014,108.12,2066,92.90,36.49,61.79,1023,302,1325,87,39,126,33,360,43,403,106,33,139,328,73,401,142,114,256,2215,59,2273,3238,361,3598
01/02/2014,108.9,2036,93.96,36.63,62.19,1023,318,1341,91,41,132,35,351,45,396,114,40,154,327,73,400,140,119,259,2339,56,2395,3362,374,3736
01/03/2014,107.48,2037,91.88,36.17,62.18,1011,334,1345,93,55,148,46,350,51,401,97,35,132,337,69,406,134,124,258,2198,54,2252,3209,388,3597
01/04/2014,107.76,2028,93.21,36.01,62.73,1020,329,1349,93,58,151,50,361,46,407,96,40,136,337,66,403,133,119,252,1985,54,2039,3005,383,3388
01/05/2014,109.54,2040,92.33,36.20,62.75,1024,326,1350,93,56,149,46,367,47,414,100,40,140,333,71,404,131,112,243,1961,60,2021,2985,386,3371
01/06/2014,111.8,2026,93.36,36.21,63.54,1024,320,1344,99,48,147,35,374,51,425,87,36,123,328,70,398,136,115,251,2041,60,2101,3065,380,3445
01/07/2014,106.77,2044,94.00,36.58,63.43,1046,336,1382,98,55,153,39,378,54,432,91,46,137,339,68,407,140,113,253,2167,59,2226,3213,395,3608
01/08/2014,101.61,2039,93.62,36.89,63.59,1024,315,1339,98,45,143,31,366,40,406,87,38,125,337,73,410,136,119,255,2237,66,2303,3261,381,3642
01/09/2014,97.09,2010,94.30,37.20,63.88,990,333,1323,98,50,148,36,352,44,396,78,39,117,321,81,402,141,119,260,2270,66,2336,3260,399,3659
01/10/2014,87.43,2024,93.69,37.30,64.79,985,323,1308,99,49,148,41,346,44,390,87,38,125,309,84,393,144,108,252,2293,57,2350,3278,380,3658
01/11/2014,79.44,2007,93.62,36.91,64.83,983,341,1324,97,52,149,42,358,45,403,94,48,142,292,83,375,142,113,255,2292,54,2346,3275,395,3670
01/12/2014,62.34,1925,96.41,37.11,65.25,979,334,1313,97,51,148,40,358,45,403,95,43,138,287,82,369,142,113,255,2196,61,2257,3175,395,3570
01/01/2015,47.76,1826,93.23,36.91,64.69,944,314,1258,83,45,128,36,372,43,415,87,45,132,272,79,351,130,102,232,1991,68,2059,2935,382,3317
01/02/2015,58.1,1659,95.53,36.79,64.71,951,324,1275,77,56,133,47,367,48,415,88,44,132,283,72,355,136,104,240,1648,63,1711,2599,387,2986
01/03/2015,55.89,1566,93.64,37.62,64.98,935,316,1251,80,55,135,47,355,52,407,85,40,125,284,67,351,131,102,233,1253,51,1304,2188,367,2555
01/04/2015,59.52,1512,94.58,37.86,64.82,902,300,1202,73,46,119,37,356,54,410,82,38,120,261,64,325,130,98,228,1027,39,1065,1929,339,2267
01/05/2015,64.08,1460,93.42,37.86,64.81,874,284,1158,68,48,116,40,357,41,398,69,31,100,258,69,327,122,95,217,932,37,970,1806,321,2128
01/06/2015,61.48,1481,95.87,38.46,64.97,869,277,1146,65,48,113,38,352,49,401,74,29,103,252,62,314,126,89,215,952,37,989,1821,314,2135
01/07/2015,56.56,1485,96.33,38.52,65.43,854,264,1118,60,48,108,38,342,49,391,69,25,94,259,54,313,124,88,212,1010,39,1049,1864,303,2167
01/08/2015,46.52,1456,95.82,38.40,65.68,867,270,1137,65,44,109,35,341,52,393,70,26,96,266,53,319,125,95,220,1045,43,1088,1912,313,2225
01/09/2015,47.62,1399,96.31,38.54,65.00,872,268,1140,62,47,109,37,349,47,396,71,25,96,266,55,321,124,94,218,992,39,1031,1864,307,2171
01/10/2015,48.43,1345,95.62,38.36,65.49,841,270,1111,65,43,108,32,349,54,403,64,29,93,239,55,294,124,89,213,938,37,975,1779,307,2086
01/11/2015,44.27,1303,94.93,38.48,65.69,850,259,1109,71,37,108,29,360,59,419,64,26,90,232,52,284,123,85,208,903,35,938,1753,294,2047
01/12/2015,38.01,1283,96.00,38.48,65.73,845,250,1095,79,35,114,30,367,55,422,64,27,91,213,57,270,122,76,198,829,27,856,1674,277,1951
01/01/2016,30.7,1170,94.14,38.50,65.09,803,242,1045,73,35,108,30,352,55,407,68,26,94,192,51,243,118,75,193,830,31,861,1633,273,1906
01/02/2016,32.18,1058,96.48,38.16,64.83,793,225,1018,71,36,107,28,354,50,404,68,20,88,187,50,237,113,69,182,713,31,743,1506,256,1761
01/03/2016,38.21,1023,95.78,38.27,64.73,774,211,985,58,38,96,32,354,43,397,71,20,91,178,40,218,113,70,183,533,33,565,1307,244,1550
01/04/2016,41.58,1000,95.95,38.59,64.26,726,220,946,54,36,90,29,330,54,384,70,20,90,167,36,203,105,74,179,447,31,479,1173,251,1425
01/05/2016,46.74,989,95.39,38.66,63.84,726,229,955,53,42,95,30,340,51,391,71,20,91,158,30,188,104,86,190,420,29,449,1146,258,1404
01/06/2016,48.25,1009,96.92,39.11,63.95,704,223,927,52,39,91,28,341,48,389,68,19,87,147,31,178,96,86,182,454,27,480,1158,250,1407
01/07/2016,44.95,1053,96.78,39.20,64.86,712,226,938,52,42,94,32,339,51,390,70,12,82,153,33,186,98,88,186,518,26,543,1230,252,1481
01/08/2016,49.52,967,98.07,39.25,64.02,709,228,937,58,38,96,29,329,50,379,70,11,81,150,37,187,102,92,194,588,22,610,1297,250,1547
01/09/2016,46.57,1117,97.82,39.25,64.16,713,221,934,56,36,92,27,336,50,386,68,9,77,151,38,189,102,88,190,627,23,650,1340,244,1584
01/10/2016,45.84,1102,97.14,39.47,65.04,720,200,920,63,24,87,19,339,52,391,67,10,77,153,30,183,98,84,182,673,27,700,1393,227,1620
,,,,,,,,,,,,,,,,,,,,,,,,,,,,,,
,,,,,,,,,,,,,,,,,,,,,,,,,,,,,,
,,,,,,,,,,,,,,,,,,,,,,,,,,,,,,
,,,,,,,,,,,,,,,,,,,,,,,,,,,,,,
,,,,,,,,,,,,,,,,,,,,,,,,,,,,,,
,,,,,,,,,,,,,,,,,,,,,,,,,,,,,,
,,,,,,,,,,,,,,,,,,,,,,,,,,,,,,
,,,,,,,,,,,,,,,,,,,,,,,,,,,,,,
,,,,,,,,,,,,,,,,,,,,,,,,,,,,,,
,,,,,,,,,,,,,,,,,,,,,,,,,,,,,,
,,,,,,,,,,,,,,,,,,,,,,,,,,,,,,
,,,,,,,,,,,,,,,,,,,,,,,,,,,,,,
,,,,,,,,,,,,,,,,,,,,,,,,,,,,,,
,,,,,,,,,,,,,,,,,,,,,,,,,,,,,,
,,,,,,,,,,,,,,,,,,,,,,,,,,,,,,
,,,,,,,,,,,,,,,,,,,,,,,,,,,,,,
,,,,,,,,,,,,,,,,,,,,,,,,,,,,,,
,,,,,,,,,,,,,,,,,,,,,,,,,,,,,,
,,,,,,,,,,,,,,,,,,,,,,,,,,,,,,
,,,,,,,,,,,,,,,,,,,,,,,,,,,,,,
,,,,,,,,,,,,,,,,,,,,,,,,,,,,,,
,,,,,,,,,,,,,,,,,,,,,,,,,,,,,,
,,,,,,,,,,,,,,,,,,,,,,,,,,,,,,
,,,,,,,,,,,,,,,,,,,,,,,,,,,,,,
,,,,,,,,,,,,,,,,,,,,,,,,,,,,,,
,,,,,,,,,,,,,,,,,,,,,,,,,,,,,,
